400
21 33
21 55
12 51
9 19
19 46
10 40
29 85
15 27
1 28
16 11
12 81
6 15
8 40
18 86
17 79
1 26
12 99
21 91
11 26
23 29
19 100
6 84
20 97
6 40
2 93
15 51
27 75
5 10
28 45
15 72
10 64
4 37
19 81
6 14
22 39
20 28
21 62
10 26
7 73
7 85
27 19
13 41
2 56
12 7
1 49
4 26
2 80
22 77
22 92
10 18
17 36
7 72
9 8
10 59
15 65
15 48
28 82
27 28
6 41
20 88
25 68
29 53
22 78
29 11
10 23
10 50
21 76
25 59
17 21
6 66
3 11
4 20
9 52
13 32
29 37
26 82
16 35
24 7
29 19
12 32
14 48
25 3
21 6
17 10
7 77
30 12
3 40
1 83
25 34
2 83
6 85
22 77
5 54
12 35
7 3
2 65
28 52
7 77
8 28
17 83
6 16
15 96
10 81
26 98
12 96
11 87
15 48
23 52
8 50
22 24
19 56
17 6
4 8
25 16
8 23
8 91
18 96
28 93
22 68
15 93
11 73
12 95
18 45
6 24
30 36
23 98
5 88
25 50
25 88
10 81
14 14
21 47
1 61
20 88
2 32
17 95
21 62
29 28
2 91
18 4
23 51
10 20
19 7
26 36
6 85
21 7
14 39
12 11
21 96
20 83
27 34
26 36
3 70
10 6
19 66
18 37
6 14
30 9
14 77
13 18
14 12
22 63
14 29
25 53
26 76
9 4
11 64
23 56
11 53
1 44
12 22
25 90
29 88
26 6
25 42
15 28
11 99
27 7
9 16
11 3
18 46
2 51
7 48
3 46
10 19
22 75
4 21
30 26
24 62
6 27
25 58
18 60
26 97
4 87
19 77
14 6
16 99
18 35
1 14
23 50
14 22
14 76
22 88
11 54
22 37
16 56
28 86
4 54
2 33
11 49
4 80
10 35
1 62
25 28
17 53
24 59
7 53
2 20
5 88
26 44
20 56
12 73
28 19
23 27
6 69
11 64
20 81
12 30
17 22
5 69
29 86
10 100
19 65
24 33
6 43
19 31
14 27
25 92
28 81
10 48
13 45
26 2
1 12
13 19
19 40
5 59
29 18
14 66
8 29
2 90
10 73
30 22
3 75
26 44
3 82
17 57
8 5
8 4
24 40
9 53
21 13
22 3
18 21
20 67
26 17
30 73
24 28
12 41
6 6
17 57
25 79
15 65
20 74
24 3
27 94
18 92
7 69
20 39
5 66
3 91
13 13
20 24
14 56
23 41
30 99
19 51
26 66
10 64
18 87
20 53
26 24
22 37
7 42
18 33
3 32
26 42
5 37
12 35
7 80
28 4
5 76
22 59
4 22
28 33
25 91
26 40
8 80
14 9
4 55
18 81
4 16
13 33
27 38
9 96
12 45
1 98
6 58
21 14
6 29
21 38
19 30
11 88
17 57
3 34
16 42
17 100
24 91
10 61
29 2
6 48
16 60
17 66
11 1
22 47
16 76
7 4
12 17
23 18
3 40
1 35
6 21
21 89
22 69
10 43
10 10
21 15
13 35
8 89
27 63
9 21
24 74
30 47
16 67
8 14
30 19
21 38
9 85
25 53
25 32
3 74
11 37
13 13
21 25
7 10
2 39
12 77
14 6
14 2
25 39
9 82
21 67
21 51
16 1
12 56
11 50
28 24
28 73
27 61
30 40
18 84
2 4
11 90
3 35
6 84
7 9
5 86
27 88
18 78
3 44
13 72
5 65
18 83
13 83
12 34
9 64
27 52
13 81
17 27
1 35
25 44
