400
11 5
16 100
11 60
15 8
30 57
5 34
18 12
30 29
8 63
21 33
12 30
1 100
11 53
17 32
25 19
25 60
1 25
26 10
17 34
22 22
15 36
29 76
15 52
26 61
3 74
15 96
28 67
21 98
19 10
8 59
8 84
10 2
11 81
4 96
7 79
4 55
12 24
7 64
14 38
2 45
10 69
7 18
15 87
28 57
25 44
9 75
6 85
17 38
15 38
26 30
6 54
19 29
23 17
27 55
19 68
6 18
27 91
19 22
30 2
7 77
21 97
3 75
24 79
26 49
30 1
14 32
12 65
13 82
18 56
24 39
28 39
19 11
25 95
6 9
7 66
2 44
18 88
8 46
14 81
11 33
16 23
9 86
9 28
15 72
30 7
25 58
21 70
14 25
3 5
30 11
14 70
29 84
19 23
25 78
22 75
7 88
13 78
27 36
29 92
10 91
11 20
9 94
30 21
7 4
16 54
25 98
21 19
13 35
12 62
26 48
5 74
11 32
9 59
30 7
9 29
19 99
4 49
11 89
3 65
19 97
7 58
9 93
28 79
20 21
28 39
12 75
9 54
3 14
12 29
8 14
3 73
1 58
6 8
23 94
12 38
18 91
15 88
7 76
8 62
13 6
3 16
21 16
22 43
11 33
17 53
15 80
27 11
8 98
11 35
24 42
24 84
2 71
28 19
12 90
25 46
11 84
2 79
21 33
16 33
17 92
11 12
12 62
1 60
24 91
3 53
16 17
20 16
26 7
16 37
22 18
23 43
21 94
17 4
8 42
5 92
25 25
18 7
28 28
8 48
20 11
30 2
20 35
14 19
5 7
14 41
23 37
12 29
14 56
9 8
29 72
8 33
11 53
12 85
4 9
21 2
13 35
19 2
30 24
1 14
15 27
15 6
26 37
4 96
24 70
23 92
16 54
29 40
16 67
27 90
21 59
3 49
21 46
11 13
29 22
30 3
9 33
11 14
2 46
5 65
26 65
30 7
18 32
30 28
8 73
13 28
26 60
15 27
20 78
20 78
20 18
22 99
25 40
16 22
16 26
20 52
9 94
7 59
9 8
13 26
15 56
27 15
2 80
18 24
21 33
22 9
17 80
30 55
6 71
6 57
18 14
9 37
28 18
6 35
12 86
13 58
4 16
27 11
4 17
1 4
12 34
26 2
18 71
23 37
23 84
29 41
7 52
20 7
13 76
23 47
26 56
11 57
28 79
18 69
5 1
17 48
2 36
28 52
28 9
12 51
11 80
21 92
30 19
27 52
18 42
19 59
16 53
4 19
20 83
5 31
8 64
1 21
2 79
28 9
11 59
10 31
25 53
21 73
24 24
28 17
28 74
8 66
7 43
17 61
23 76
19 11
12 21
1 89
9 55
26 90
13 59
1 7
19 47
22 34
22 55
30 39
27 29
1 57
10 93
28 47
30 12
24 58
18 93
7 87
6 47
15 12
21 48
16 68
21 49
5 68
18 2
23 34
3 14
8 53
2 12
13 25
4 61
3 7
23 32
18 51
25 20
30 34
23 85
15 65
14 53
17 40
15 94
7 41
23 67
28 65
11 96
8 53
1 75
28 12
3 55
4 87
30 29
3 93
10 25
19 49
20 45
8 35
27 65
13 45
21 20
27 13
5 53
29 75
6 75
19 36
2 100
18 54
9 94
8 92
21 8
2 46
23 32
28 42
8 59
30 31
5 98
12 97
23 59
5 81
6 8
28 65
28 90
15 87
19 16
15 52
9 71
24 79
10 33
4 2
2 57
6 25
13 78
6 7
27 95
3 72
16 55
