400
6 15
18 68
25 23
29 96
14 54
14 97
6 47
2 1
2 93
26 38
23 25
24 94
6 76
19 12
15 73
27 4
11 42
14 66
13 37
22 73
9 99
25 78
18 16
19 16
6 81
16 66
29 88
6 1
24 54
28 44
17 59
20 17
14 69
8 16
8 47
15 99
26 8
14 41
18 6
16 84
29 13
13 43
15 7
22 68
3 59
9 89
27 62
22 68
23 91
7 39
28 22
22 33
13 65
20 5
28 80
15 8
12 88
14 97
14 97
5 57
7 78
19 23
2 54
14 21
9 77
30 32
24 48
13 31
17 88
19 82
21 74
1 63
29 43
29 6
2 74
12 93
7 59
4 90
2 8
16 7
20 21
30 86
6 53
10 32
6 3
28 58
23 6
20 41
18 31
25 38
12 60
20 8
27 48
18 33
1 11
1 95
10 80
24 2
26 48
30 75
14 51
18 29
1 56
19 8
25 19
30 43
2 79
8 51
25 98
18 37
12 25
6 90
24 11
20 39
15 29
19 11
30 48
4 38
5 60
10 94
26 42
20 59
11 37
16 49
6 95
21 46
27 17
29 26
16 30
8 89
29 32
20 88
16 90
12 35
28 22
3 31
22 15
3 34
3 2
7 40
5 20
16 19
7 24
13 66
16 64
6 63
30 5
4 27
23 27
19 95
28 40
26 63
27 19
12 60
29 31
12 20
29 36
11 89
24 35
18 63
27 60
16 45
1 79
25 61
26 83
4 53
26 85
25 31
10 64
26 26
16 41
18 47
25 84
10 38
12 40
11 19
26 29
27 66
7 86
11 63
26 34
8 46
19 83
18 72
7 70
20 43
11 94
19 37
4 27
6 98
9 78
16 17
12 84
21 64
16 60
3 93
21 41
15 62
3 19
20 72
6 82
15 50
8 58
4 56
15 64
11 50
18 73
18 98
21 51
1 29
23 86
9 55
27 63
13 53
17 1
22 73
4 94
22 9
24 63
28 35
26 20
23 70
17 5
26 100
10 27
5 18
12 5
29 43
27 40
21 52
6 75
11 74
24 1
25 72
18 49
9 93
22 46
10 13
2 81
29 57
6 44
20 23
7 50
9 18
21 16
22 81
25 48
18 62
3 40
19 63
27 43
18 57
19 20
10 89
8 32
7 11
3 23
14 26
6 2
27 13
5 16
14 58
20 51
1 63
27 4
18 79
7 83
25 37
16 7
20 54
4 75
19 69
6 49
30 73
17 41
29 18
27 81
12 24
26 46
22 22
22 15
29 51
28 90
28 3
27 65
19 37
27 72
12 87
1 3
5 73
20 47
8 55
28 17
24 59
22 16
30 67
8 83
2 78
21 5
9 71
29 89
22 59
17 16
20 84
6 8
4 64
11 98
4 81
21 48
23 79
26 22
16 44
12 15
29 79
29 54
24 39
9 8
23 5
10 45
4 44
19 96
3 10
2 29
7 58
8 33
26 91
5 33
19 62
12 8
23 69
29 41
8 6
30 7
24 22
25 50
17 7
18 23
4 41
8 10
12 80
22 85
10 99
10 8
25 68
7 52
24 27
2 47
4 91
14 94
25 9
7 80
4 91
13 35
14 57
8 80
26 85
15 10
17 37
17 95
8 84
20 45
11 41
23 94
29 44
2 98
27 85
25 71
25 30
7 57
18 48
24 26
5 55
2 18
24 52
25 48
2 13
23 96
11 82
18 87
4 31
15 81
11 12
14 89
7 55
4 80
25 36
21 89
27 92
5 34
1 22
5 81
26 24
27 39
26 69
29 86
17 61
5 14
14 69
16 18
29 3
