400
18 12
28 92
17 68
20 89
13 57
6 33
12 70
27 67
21 86
13 57
11 22
25 46
3 32
9 69
15 72
24 79
4 85
15 14
15 31
21 28
23 38
0 7
16 15
13 87
6 98
10 57
25 9
1 37
26 10
12 40
2 93
21 18
4 48
11 36
4 39
17 72
22 77
25 37
6 58
16 98
27 72
13 29
16 63
13 75
17 25
8 8
16 91
9 49
28 63
2 71
23 54
14 32
21 27
16 29
17 50
24 42
13 87
0 8
15 90
5 23
23 2
6 85
5 62
15 85
28 73
19 79
21 4
21 63
12 85
25 17
2 72
29 9
27 35
7 9
4 52
7 92
10 20
22 53
20 65
10 7
8 51
25 69
3 50
5 38
16 25
29 70
11 20
17 8
19 49
13 85
29 54
14 12
17 59
16 8
5 8
11 66
18 5
5 66
14 21
28 42
24 12
2 0
18 96
7 92
7 78
24 50
25 6
8 10
28 32
12 94
13 85
0 3
29 1
14 46
0 26
20 24
24 5
23 75
27 33
13 2
4 44
2 47
7 19
12 72
27 75
0 44
18 80
3 2
28 69
7 7
13 41
8 38
5 8
13 3
15 32
28 56
3 9
11 82
25 12
7 33
9 74
16 99
21 29
29 39
28 2
25 98
18 33
11 93
26 53
17 34
20 53
22 65
0 45
17 43
18 7
1 96
7 58
17 87
28 1
25 38
7 28
21 50
15 77
11 55
19 43
6 68
6 32
9 10
16 38
15 39
27 34
24 26
25 87
18 84
12 95
25 95
25 11
29 36
3 92
5 72
22 85
9 31
1 30
18 98
29 47
14 13
19 77
24 30
4 56
21 52
17 37
20 78
17 44
6 41
13 10
5 71
14 58
18 64
25 47
17 57
10 4
21 81
1 62
20 45
19 78
15 74
12 48
24 67
9 19
12 32
3 74
12 77
24 9
17 73
0 9
13 4
27 52
16 95
12 0
18 89
3 94
14 45
23 67
29 39
1 74
0 21
28 27
28 85
28 92
3 45
11 40
14 67
14 38
29 63
22 6
12 17
13 67
24 47
28 28
22 25
26 61
18 2
19 97
9 29
24 97
29 95
22 28
6 34
7 76
24 57
15 1
0 87
26 90
18 6
2 24
15 72
16 78
15 26
5 66
23 17
22 81
19 53
29 26
12 76
23 88
11 36
5 60
20 61
27 61
25 20
2 99
28 23
29 19
17 5
14 56
17 52
25 86
12 47
25 96
14 66
15 60
11 25
28 30
14 23
16 6
25 81
4 40
21 35
13 5
21 48
11 67
26 99
16 58
15 18
17 73
13 91
9 92
14 54
10 7
25 18
0 26
28 23
28 56
22 30
28 3
1 23
22 79
8 29
27 20
3 45
28 36
8 27
3 57
7 55
13 15
23 82
15 25
2 12
12 16
1 44
29 20
12 42
21 42
22 42
27 71
9 8
5 75
25 40
25 20
6 2
26 68
6 29
21 94
2 28
24 35
6 33
28 43
7 60
22 51
14 0
10 41
6 34
4 95
15 53
17 69
29 3
13 96
10 35
5 26
22 52
7 91
7 70
0 65
17 24
6 84
25 91
17 36
23 93
17 51
12 99
14 54
10 62
9 87
16 92
16 17
28 28
20 34
29 47
12 32
26 68
2 48
27 93
6 89
3 20
21 85
12 65
19 26
25 42
27 29
28 31
11 83
7 58
16 61
5 69
7 30
0 13
6 49
21 67
10 45
20 84
9 11
29 22
17 81
12 55
28 4
19 60
28 50
3 57
18 76
26 9
