400
26 77
18 87
1 23
1 44
5 76
2 28
27 59
21 47
29 82
1 24
17 89
26 46
1 74
9 57
8 99
7 59
15 35
28 55
8 95
22 40
17 94
23 84
22 15
16 33
6 11
1 26
23 55
30 18
24 46
24 98
28 64
18 71
25 4
10 55
5 74
28 72
17 61
26 20
24 88
20 23
11 59
5 100
7 23
10 44
4 43
16 64
4 1
5 3
18 10
5 54
7 4
4 2
13 35
23 91
16 28
19 24
16 66
20 3
27 44
6 60
3 40
22 91
16 8
17 48
24 55
8 51
15 30
15 73
24 29
17 39
24 81
26 47
19 89
23 37
28 95
6 70
11 22
19 78
7 58
12 97
10 30
30 69
21 56
26 76
26 56
6 44
30 79
28 33
22 39
25 52
1 69
11 71
20 33
20 71
18 76
18 53
11 19
4 17
14 14
29 9
3 61
19 57
19 42
12 58
11 10
21 17
29 82
6 21
13 38
5 8
10 10
10 22
30 33
6 53
4 85
5 66
14 66
29 84
23 63
4 91
17 54
7 54
16 45
24 52
29 69
20 50
12 71
13 10
4 13
8 100
27 27
4 42
27 91
5 3
13 70
23 28
24 51
27 61
2 59
7 32
1 23
15 9
18 4
7 99
20 31
28 14
17 66
18 1
25 84
25 12
22 99
19 79
29 25
23 47
18 2
6 62
10 59
22 20
30 39
1 30
25 19
5 78
21 2
17 44
6 37
6 41
19 47
11 36
23 9
30 5
8 12
12 86
17 39
27 36
15 27
5 50
17 60
13 81
15 9
6 1
1 32
8 33
18 11
19 100
26 2
4 80
7 74
4 35
10 74
10 93
12 87
18 96
7 20
19 10
20 53
24 26
18 2
14 13
2 77
29 34
3 19
22 44
30 30
25 8
10 52
18 6
1 41
10 87
26 29
3 40
27 57
10 16
10 26
3 73
16 43
22 33
16 70
11 5
22 57
8 5
30 11
13 97
13 63
21 15
26 30
6 24
11 23
28 47
29 71
15 2
14 76
8 26
11 61
28 48
23 42
25 25
22 14
6 59
5 56
26 19
4 31
15 23
30 84
26 4
26 40
18 71
8 39
22 65
4 78
12 69
15 68
2 76
26 66
24 9
17 11
1 59
3 20
26 97
10 2
14 13
15 5
6 61
17 83
10 47
15 40
8 83
10 59
27 41
29 96
6 50
30 28
19 98
4 92
26 6
19 93
10 91
1 5
17 45
11 79
28 99
1 57
15 77
27 91
8 43
22 18
25 95
2 3
7 95
11 37
1 92
2 71
15 30
24 84
24 14
4 16
12 83
10 96
28 87
21 28
7 75
9 73
17 41
28 12
20 73
16 88
28 81
30 49
24 84
19 36
11 97
30 12
18 75
3 91
20 45
20 93
27 67
19 40
14 44
28 46
15 3
23 84
22 42
8 45
22 16
24 26
18 34
8 43
15 45
11 20
3 55
23 12
12 29
4 31
19 55
19 92
15 13
7 92
18 58
5 84
1 19
2 89
13 98
14 12
11 20
24 35
16 95
4 98
18 49
5 99
30 56
9 64
27 16
4 75
20 94
14 98
28 70
30 67
30 73
22 13
29 61
15 65
14 97
17 30
9 41
29 52
15 70
6 17
13 21
16 11
8 52
13 81
19 98
30 92
25 29
29 61
27 55
13 95
7 90
2 100
21 57
6 30
28 17
29 63
3 40
3 54
26 33
30 16
27 84
2 51
11 63
20 52
19 39
30 72
23 27
23 61
1 25
1 60
15 88
30 29
4 47
