400
1 28
3 91
19 22
25 16
5 74
10 88
17 29
28 14
7 86
29 20
28 5
7 77
26 48
19 2
11 2
10 10
21 2
25 82
10 31
14 99
18 74
24 35
21 46
1 51
3 57
24 9
18 100
19 20
4 53
14 9
11 24
17 83
27 23
23 52
22 66
11 8
12 40
5 96
9 42
21 68
26 21
2 16
27 13
17 23
11 60
6 71
15 1
13 64
25 21
8 27
24 69
18 80
6 28
21 44
11 26
16 23
30 39
3 69
21 77
18 72
12 22
14 75
29 46
29 97
15 53
1 8
30 61
28 80
16 15
2 60
5 38
8 37
25 24
30 83
14 96
9 40
24 95
12 42
18 52
7 62
30 65
25 77
9 9
25 64
15 36
3 66
4 9
23 1
5 10
5 84
23 88
12 25
27 89
30 25
17 56
30 96
5 8
28 44
29 85
20 94
1 34
2 44
16 64
23 26
22 30
7 30
24 36
14 50
25 72
18 16
11 13
10 99
3 87
3 87
12 53
6 42
28 42
15 80
7 33
25 29
10 18
4 83
3 16
7 77
14 7
29 66
25 55
23 90
28 59
11 16
9 59
20 49
8 98
3 56
24 84
4 97
19 46
21 7
15 11
9 99
5 79
15 39
28 29
17 29
24 55
25 49
27 5
22 64
9 76
10 84
12 55
20 13
11 63
5 12
20 57
15 94
4 74
14 71
20 12
18 40
11 95
29 83
18 37
3 53
28 69
13 24
8 72
24 74
25 58
4 58
3 46
30 1
1 87
30 73
5 22
17 19
13 5
13 67
11 51
19 5
18 59
2 93
16 15
4 15
14 2
7 38
10 27
15 66
11 60
22 66
6 7
13 50
6 89
11 55
10 39
9 61
13 39
14 30
4 70
21 29
16 19
17 17
25 7
27 13
20 77
3 100
1 66
6 45
9 68
6 48
28 10
29 54
15 60
29 54
12 30
19 51
7 100
6 45
28 53
19 24
25 39
4 11
27 75
15 61
8 58
7 52
26 15
6 67
30 92
12 6
6 54
23 70
26 23
5 10
14 75
24 56
28 60
17 69
20 25
14 81
12 89
24 52
9 89
1 81
17 90
3 54
3 42
26 47
7 40
5 43
8 42
3 80
8 15
21 39
11 29
8 76
8 55
13 73
13 46
7 75
8 91
13 30
18 2
22 48
22 36
19 8
29 39
26 82
10 86
17 48
4 43
27 36
8 3
18 39
6 12
3 86
25 93
7 87
6 95
20 88
7 28
18 59
30 85
2 75
5 11
13 88
25 50
2 49
10 34
6 51
26 5
19 100
28 3
17 95
14 23
22 78
6 32
16 72
6 27
20 90
27 72
1 94
3 4
7 24
4 34
10 34
25 62
26 90
15 22
25 64
1 70
2 98
9 29
17 69
18 67
8 96
30 87
20 11
24 84
19 26
22 60
3 58
17 96
8 88
1 83
5 14
1 43
13 58
6 32
8 30
5 84
22 87
29 66
19 11
28 35
26 17
26 51
27 18
17 73
27 16
19 59
1 11
28 91
4 24
13 46
11 23
10 29
5 2
4 10
14 95
14 3
4 89
28 89
13 52
17 14
22 72
24 47
7 73
28 2
9 11
5 52
10 79
12 94
6 26
13 47
29 99
20 36
26 54
7 97
1 41
2 23
19 82
6 45
8 58
20 5
26 48
26 4
30 88
25 9
5 5
15 37
24 4
19 46
13 52
12 66
10 5
18 55
21 61
8 44
10 1
28 89
4 56
25 74
22 93
29 59
18 89
14 56
1 23
14 52
19 95
