400
15 49
22 12
23 18
17 13
10 77
20 95
12 26
24 33
19 24
6 90
5 96
11 51
26 90
2 55
30 71
19 65
28 66
3 13
17 71
27 60
4 58
13 46
11 67
30 77
8 19
6 56
28 4
13 37
11 83
25 17
11 22
8 75
29 8
20 22
21 15
2 29
24 86
22 7
5 56
16 94
11 52
7 92
30 10
14 99
17 22
25 48
4 47
27 82
26 65
9 36
24 36
24 3
9 90
5 25
20 95
8 71
4 70
21 4
24 45
26 74
3 21
29 60
14 99
23 25
3 1
16 93
25 28
19 9
16 55
29 66
28 55
27 98
11 1
17 59
13 55
7 14
23 57
5 45
22 18
28 17
20 34
3 6
6 56
1 82
7 51
18 11
19 34
26 86
14 9
25 82
15 28
25 93
28 19
19 91
18 11
4 58
13 69
4 56
19 29
1 86
17 35
28 40
7 5
25 53
26 73
30 32
4 80
1 36
7 13
3 39
26 86
14 18
26 11
11 29
5 14
9 73
13 63
17 68
13 89
1 83
6 10
2 13
8 42
24 92
12 26
21 29
8 77
29 16
5 23
9 29
4 11
13 89
6 66
26 91
23 80
10 19
11 91
22 31
4 30
8 37
17 55
13 70
16 15
19 22
12 82
12 77
27 55
22 64
6 25
4 30
28 30
10 45
7 30
1 51
30 100
16 18
28 56
2 89
2 25
16 11
9 15
20 97
12 56
30 93
12 17
6 35
22 21
30 18
30 58
30 13
30 59
7 15
5 69
23 88
28 16
11 98
26 89
26 52
16 9
7 27
11 70
20 75
12 44
14 92
4 63
2 63
19 85
14 88
15 84
21 98
28 25
3 81
14 45
14 60
6 80
19 82
8 98
2 38
11 51
14 95
19 84
9 35
14 89
14 74
11 100
24 75
27 18
15 88
7 43
2 68
1 84
12 22
11 9
19 23
19 92
27 72
8 29
27 47
10 31
11 93
29 43
12 6
14 25
19 26
15 92
16 40
1 46
16 57
1 24
25 64
28 51
9 41
18 45
18 47
29 59
1 58
23 9
6 65
30 8
2 4
14 87
22 79
5 56
9 37
2 17
7 45
16 39
26 97
3 25
5 63
10 34
12 36
2 34
14 27
11 41
7 45
23 26
21 10
18 9
7 12
16 2
2 95
11 93
9 27
9 33
28 4
11 60
26 12
18 42
4 39
15 20
5 13
22 9
9 78
1 72
13 45
19 48
1 64
3 81
25 9
22 31
13 83
24 2
5 88
8 83
23 29
11 12
12 99
28 14
25 40
26 68
6 9
5 26
26 8
6 67
9 70
4 80
13 91
28 97
22 28
18 55
18 34
24 48
21 89
18 12
19 98
28 63
18 46
13 82
30 45
25 21
30 49
29 18
17 84
13 69
15 98
13 70
27 93
1 18
19 30
9 61
15 60
7 36
30 15
29 10
30 69
29 25
13 81
16 8
8 61
20 79
28 2
24 92
29 17
26 27
19 90
9 76
1 13
27 5
26 32
13 38
2 47
29 21
30 56
18 95
5 7
29 77
30 72
18 54
30 29
30 85
30 18
13 18
14 23
6 9
18 92
18 58
29 12
17 69
23 58
27 35
3 39
20 25
8 83
1 50
26 10
17 32
21 98
2 9
30 74
27 77
17 19
20 55
23 65
4 49
25 37
25 90
16 97
29 36
27 96
15 41
12 23
2 83
22 72
28 43
1 13
21 14
30 57
23 13
1 94
20 47
18 95
21 56
12 6
11 70
2 28
22 5
17 34
15 73
25 30
