400
27 73
11 83
13 90
25 32
19 83
16 54
19 11
15 85
12 100
24 80
18 68
11 1
30 20
24 76
20 32
24 35
19 67
8 56
8 62
26 32
18 98
28 71
27 36
27 3
2 61
18 52
23 51
11 60
25 94
15 34
20 5
1 28
3 41
2 78
1 70
19 49
29 98
15 27
21 78
18 71
15 62
24 17
16 27
20 34
30 63
17 96
3 39
19 89
8 5
7 32
30 78
18 45
3 51
30 12
5 3
6 69
5 9
17 80
3 12
6 58
23 32
13 92
22 75
21 53
5 49
29 57
14 16
8 6
17 76
9 97
15 3
1 46
5 1
15 49
6 90
23 90
4 58
14 95
28 65
16 15
23 84
11 44
29 76
22 21
17 17
20 82
27 34
26 30
29 4
23 2
14 36
16 65
12 29
3 29
25 11
16 10
23 18
23 96
28 53
20 96
27 37
30 89
20 56
1 7
11 100
6 3
29 4
24 33
11 82
24 76
28 8
15 89
27 90
25 69
27 4
30 64
14 45
30 61
30 25
5 10
14 80
25 12
14 35
28 18
5 56
5 12
30 82
14 91
2 36
12 18
13 28
12 31
24 36
20 72
3 63
2 36
9 49
5 28
27 94
22 2
23 41
25 16
7 13
10 50
29 18
5 91
24 51
28 68
11 17
9 49
17 24
14 72
11 35
9 58
19 47
29 30
17 72
26 65
6 3
22 87
10 84
6 68
26 3
11 23
4 78
11 1
12 60
14 76
3 74
12 74
5 44
25 10
17 52
6 2
8 92
26 30
29 17
11 61
26 36
14 41
1 59
10 66
2 64
17 15
29 26
9 8
30 95
8 83
6 96
29 56
25 24
30 14
17 33
1 63
23 14
2 34
29 44
19 41
25 92
18 96
25 95
10 86
21 76
23 39
14 56
9 62
7 78
23 71
3 53
26 35
28 35
10 89
21 18
10 89
26 88
22 27
22 42
28 23
24 32
8 40
3 7
7 18
30 80
2 51
5 72
19 50
30 52
19 40
10 71
28 78
16 15
9 91
26 68
11 26
17 79
25 90
18 22
21 21
13 47
11 84
3 7
18 29
18 23
15 79
18 48
24 2
14 64
3 22
29 9
27 33
23 68
19 24
6 82
18 89
14 19
5 50
18 9
3 35
5 98
17 27
20 72
25 62
26 23
4 69
2 86
23 22
5 76
17 93
3 93
13 36
8 57
17 39
23 67
6 99
5 37
11 12
16 56
18 47
16 13
18 61
13 69
24 3
5 79
3 52
19 28
16 85
24 76
13 52
12 48
27 58
2 78
23 97
3 47
11 10
23 10
18 8
30 57
27 73
4 57
26 10
6 15
10 71
4 69
7 84
2 75
22 5
1 15
3 84
15 95
27 23
10 19
17 34
9 92
28 66
5 34
18 83
3 72
1 90
3 78
4 9
23 66
20 55
30 65
1 92
4 86
27 67
3 96
7 83
18 11
14 34
26 74
16 92
21 20
17 38
28 5
11 100
6 62
18 50
14 95
2 88
15 7
22 88
3 7
19 40
23 70
26 12
25 88
7 93
10 35
22 55
4 79
10 62
1 11
5 17
6 4
23 89
26 62
28 16
26 98
10 88
10 80
28 15
7 54
11 26
11 88
6 32
25 86
7 57
25 55
1 53
1 80
12 25
20 69
8 61
9 47
17 89
5 100
13 46
1 61
10 45
8 3
9 17
13 72
19 37
9 97
7 41
25 82
12 18
10 56
5 19
28 78
27 81
26 62
5 82
8 48
21 26
13 58
9 91
19 15
24 59
