400
13 23
22 98
9 20
18 11
27 43
7 56
9 46
16 56
7 71
28 5
3 7
23 47
11 99
24 67
22 90
13 51
1 7
26 16
8 9
1 3
1 84
22 29
15 1
1 69
24 11
20 50
19 66
6 4
11 49
19 69
22 72
20 3
10 72
30 56
20 47
12 82
20 72
13 15
24 94
17 95
25 9
26 26
9 45
3 42
22 51
13 83
27 33
4 52
9 58
14 83
24 21
2 38
4 26
9 16
11 87
27 75
22 7
1 73
16 33
3 95
8 27
12 5
9 66
24 15
10 19
29 79
8 65
30 31
28 72
8 61
25 8
4 57
11 39
1 16
21 46
24 53
10 40
15 87
12 70
18 80
29 3
7 79
1 26
17 9
29 58
6 7
13 55
23 31
27 95
10 15
18 57
6 15
22 77
28 52
12 55
7 85
15 90
7 75
25 75
13 16
2 3
30 50
10 36
20 54
29 26
14 21
7 36
4 81
23 40
14 61
7 64
5 2
9 12
28 71
18 63
18 70
19 59
16 27
22 99
26 27
17 100
27 62
12 86
5 2
14 26
21 19
22 63
4 45
28 100
3 11
3 5
26 32
20 51
11 13
30 41
1 29
22 38
23 79
11 35
21 48
8 46
28 1
28 89
21 33
24 17
23 3
26 28
8 88
13 95
25 31
1 92
11 27
6 52
16 56
15 38
23 46
9 72
12 91
13 48
14 52
16 18
15 36
16 91
25 75
17 28
1 72
28 67
30 51
28 3
2 55
13 12
25 75
7 3
10 99
30 39
9 13
20 8
10 53
29 75
2 87
8 35
23 24
27 7
22 74
29 84
6 53
17 33
7 30
20 95
4 36
30 30
19 94
18 99
16 90
16 77
23 79
3 85
12 68
21 81
14 53
25 21
5 11
3 84
18 91
18 72
3 63
8 77
28 41
11 6
4 5
13 58
3 48
25 37
27 86
30 8
18 33
13 46
11 33
3 35
7 11
25 1
29 59
22 33
28 8
22 34
11 23
10 47
3 85
2 85
12 52
24 11
17 71
13 78
5 89
9 78
20 71
11 24
6 10
28 84
17 45
17 29
7 60
16 36
22 62
23 18
10 15
16 48
27 88
7 40
19 41
3 75
10 50
10 44
29 5
1 77
17 96
27 67
5 84
25 2
21 78
13 9
16 51
18 30
1 84
5 66
1 42
11 87
12 90
17 50
18 61
18 47
26 35
20 14
17 72
1 14
22 38
30 45
16 29
2 29
25 47
20 88
5 87
18 30
12 8
18 74
13 61
25 75
10 90
13 16
19 59
26 13
10 2
22 87
25 35
3 46
13 9
5 72
14 59
17 23
18 37
7 34
1 72
21 44
29 52
20 25
30 88
11 57
23 99
3 23
10 58
28 66
19 4
23 13
17 42
18 29
4 86
18 75
18 26
28 70
25 28
25 39
16 36
24 8
22 90
17 66
23 1
14 65
9 72
5 18
28 67
12 43
9 12
19 9
21 38
17 18
17 25
22 84
1 4
23 45
2 72
14 40
16 97
28 79
17 84
10 84
8 94
7 53
12 98
25 46
3 92
8 52
15 71
4 31
5 77
20 67
28 88
14 75
13 13
28 3
27 1
27 49
3 64
12 55
20 14
7 48
1 15
25 76
26 37
5 59
17 32
20 64
10 34
18 55
28 43
5 97
27 96
19 93
18 49
5 72
12 99
13 23
1 74
3 50
20 56
10 27
23 36
11 59
15 32
16 70
18 22
27 21
5 14
4 28
21 12
21 80
3 22
28 75
16 53
20 10
6 35
