400
23 79
25 3
17 32
9 16
18 82
12 5
26 11
10 9
8 3
9 65
6 71
13 23
13 36
18 40
6 89
9 93
29 20
2 66
12 76
28 74
19 72
6 40
11 77
21 18
16 79
11 22
5 32
20 96
18 91
20 61
14 4
24 1
9 55
21 29
23 53
28 89
22 34
12 14
4 83
15 45
17 20
4 66
4 13
26 77
18 2
8 88
0 44
0 35
14 61
15 83
3 19
25 93
9 7
20 17
2 43
26 5
23 30
5 72
9 89
3 51
9 39
6 2
7 81
3 36
19 53
12 10
15 44
1 29
7 14
29 94
11 61
13 25
18 75
16 90
11 99
9 60
2 33
6 75
13 51
14 9
11 34
1 28
17 26
20 34
8 56
10 50
7 32
9 65
26 25
7 75
15 49
12 16
23 49
2 49
20 58
14 56
26 34
20 27
2 94
22 53
15 42
14 72
18 82
10 33
11 46
5 37
25 48
28 30
21 0
8 2
1 41
5 54
22 47
3 88
21 96
18 96
20 96
20 65
10 10
6 90
9 11
10 4
14 84
14 10
22 65
8 94
29 23
13 86
24 83
29 16
4 15
13 69
4 85
17 93
26 37
28 4
20 67
2 8
8 94
1 88
15 31
16 69
15 36
19 29
8 29
16 50
11 62
29 11
17 58
15 99
25 93
10 43
22 15
19 64
5 70
23 72
21 40
26 12
23 49
8 47
17 91
6 27
8 68
6 57
6 95
0 73
27 11
16 53
29 69
11 87
9 74
16 97
21 53
22 94
11 54
8 32
9 90
11 4
11 50
5 89
23 70
11 86
9 80
1 60
9 8
5 92
1 11
26 1
26 2
29 18
2 89
20 7
21 62
22 91
2 24
4 9
25 95
7 28
20 86
27 28
13 91
24 82
15 66
29 70
0 31
11 30
27 43
15 53
16 48
4 69
18 28
6 71
9 26
2 3
14 91
12 11
23 9
25 37
19 29
12 96
6 0
23 33
16 63
13 0
29 34
13 40
11 99
15 91
16 62
25 90
1 30
11 87
6 47
26 67
15 88
8 88
24 94
9 31
23 12
27 25
25 52
23 62
13 28
10 81
3 99
22 95
4 76
13 73
2 63
21 51
2 60
24 91
22 66
20 63
10 5
29 29
11 5
25 64
7 96
16 27
2 20
7 30
25 9
24 72
14 48
0 27
28 16
4 14
19 40
27 64
26 70
27 58
24 37
24 13
20 72
12 82
24 15
6 41
24 19
9 0
7 38
16 79
25 97
9 40
6 75
7 86
16 2
2 24
19 70
12 78
12 30
17 87
28 76
17 73
15 42
22 67
28 4
11 38
28 44
1 90
18 87
29 68
4 24
6 33
11 34
26 41
28 23
21 65
28 56
11 99
28 15
11 83
12 68
12 72
4 52
29 35
13 42
18 29
14 0
4 16
27 26
11 2
27 37
6 53
4 57
14 97
12 74
12 95
9 54
27 7
22 33
27 98
9 98
8 97
23 94
20 84
18 23
22 21
26 5
24 58
7 30
24 38
3 40
6 47
16 52
17 53
14 48
6 64
13 83
17 96
10 78
11 97
1 18
5 66
24 97
20 89
29 32
14 36
13 64
6 70
16 41
0 5
29 80
23 88
5 82
3 41
18 17
28 14
2 61
1 15
17 57
21 91
27 36
11 65
25 63
24 69
25 11
11 46
15 96
21 55
8 72
11 44
0 38
0 29
5 43
22 11
14 2
0 93
18 81
14 43
13 45
9 1
17 40
8 0
17 34
6 19
15 7
6 0
19 78
11 98
