400
21 13
24 33
14 91
30 69
22 34
19 75
22 75
12 85
30 61
13 21
30 13
14 68
15 37
15 8
25 44
17 42
16 37
29 92
10 80
23 100
25 44
20 94
18 68
8 23
23 49
22 1
10 24
11 57
14 34
28 17
29 30
28 86
29 36
5 96
16 40
15 80
23 70
17 4
27 2
11 16
28 69
3 64
20 88
23 5
21 36
17 2
17 31
17 35
10 67
7 33
2 25
26 41
17 36
18 82
20 23
23 40
13 17
24 87
21 74
19 77
28 64
14 78
12 17
5 60
13 41
8 41
24 56
22 63
7 30
14 81
12 46
12 98
15 26
9 66
14 27
30 60
17 23
1 84
5 48
10 26
8 87
15 57
12 3
24 38
20 68
13 87
5 41
16 74
21 21
7 16
27 36
29 37
12 63
2 1
26 66
25 54
12 96
18 51
28 33
2 82
10 57
9 64
30 56
16 66
23 32
8 75
13 60
24 78
18 34
1 36
29 56
23 7
17 2
25 100
13 44
22 86
2 53
20 52
7 43
4 88
12 50
11 93
30 76
1 34
29 100
7 11
10 9
21 9
30 26
2 97
24 93
27 73
7 35
9 56
13 93
4 3
15 56
1 54
10 17
8 91
24 60
19 74
12 23
20 31
29 93
15 21
6 12
9 81
19 22
24 79
21 83
1 60
25 28
26 21
24 4
4 63
8 69
3 84
6 21
13 42
13 44
17 98
30 8
21 57
26 70
3 46
25 68
27 43
25 22
15 42
16 30
10 40
15 43
3 92
4 40
15 76
5 48
17 94
2 54
6 87
4 89
19 28
2 89
2 55
29 88
28 86
18 4
7 67
11 52
14 9
16 96
13 30
13 60
16 1
19 77
25 41
20 22
12 73
20 41
8 23
21 28
1 97
4 38
1 29
8 26
11 84
26 25
5 15
5 40
6 50
2 53
6 33
27 61
11 88
30 36
3 80
7 70
19 46
24 92
7 52
17 63
8 37
23 52
12 24
23 17
11 7
1 14
6 46
25 48
13 26
17 47
6 98
3 33
16 27
28 68
11 44
22 64
18 70
13 34
10 59
7 17
12 22
20 8
27 7
24 4
30 89
8 40
25 18
6 32
20 100
16 73
8 82
23 27
21 55
15 95
23 62
4 34
13 44
12 3
6 99
9 85
14 8
25 77
18 48
10 20
24 59
12 95
23 83
10 94
30 33
5 6
29 54
17 30
14 31
11 50
24 41
8 20
28 58
7 24
23 7
28 8
24 38
1 9
5 27
29 62
17 46
10 5
16 6
18 48
8 69
10 69
10 31
30 9
3 87
13 49
28 27
25 62
11 62
8 37
18 77
2 98
15 16
11 21
21 92
21 61
11 70
12 22
30 20
18 92
2 14
11 2
24 99
12 57
13 34
10 51
1 42
9 83
6 7
28 82
2 76
15 10
1 22
23 96
29 13
16 50
1 82
13 66
14 14
19 96
27 66
9 60
23 99
25 20
21 98
15 2
24 94
17 21
8 94
8 59
10 59
20 84
11 10
26 24
10 75
12 74
4 18
16 3
22 28
15 72
15 74
17 49
19 88
24 33
11 36
24 91
16 50
21 86
29 27
13 86
22 80
19 96
28 97
4 64
27 71
14 100
30 12
19 10
24 68
5 84
27 84
15 1
26 52
30 48
5 46
8 82
20 96
4 26
22 27
28 67
8 80
21 93
3 17
24 42
5 96
22 91
11 51
5 68
25 28
5 84
8 100
17 54
22 47
5 91
19 73
22 74
27 27
3 95
28 21
8 79
9 64
