400
27 25
28 99
13 36
29 7
15 13
8 13
23 64
24 98
4 40
26 57
16 60
11 57
17 34
25 58
5 46
11 53
1 71
18 60
28 24
16 56
30 64
18 36
23 63
4 33
22 78
18 42
8 77
2 30
19 26
22 17
21 46
8 42
1 72
27 26
3 71
24 34
19 53
17 13
28 54
21 20
3 39
17 20
11 62
18 28
6 40
15 59
2 17
10 4
9 4
14 86
9 14
28 8
2 40
23 36
25 69
17 75
5 20
21 25
13 47
6 68
8 100
28 22
26 29
25 7
4 6
21 58
7 15
24 40
15 89
29 98
12 82
21 68
2 18
15 81
11 96
16 2
24 30
11 63
12 1
28 95
12 17
11 81
20 21
19 36
3 95
6 69
16 57
14 28
20 28
23 90
2 60
2 70
5 67
19 52
16 58
14 76
18 49
29 57
12 28
4 29
18 77
5 49
18 85
12 58
8 87
29 87
18 91
17 40
11 92
29 75
20 88
6 75
21 10
7 5
13 74
22 10
10 82
17 86
6 37
25 30
8 95
5 73
14 76
9 41
25 6
3 20
4 16
5 29
5 76
9 13
12 69
1 51
18 83
9 69
28 83
27 94
18 18
23 61
21 82
17 63
22 67
13 32
20 75
10 59
12 96
24 51
3 45
28 66
24 40
5 98
23 84
11 3
24 61
4 45
17 16
13 80
1 41
25 17
17 22
27 17
29 98
13 33
28 71
12 22
29 84
19 88
1 62
2 71
7 54
21 15
16 73
15 55
3 9
12 80
28 50
9 99
13 18
18 93
14 32
15 1
29 33
4 85
15 31
6 67
1 21
6 56
21 78
16 10
21 85
4 68
28 88
27 85
17 52
3 44
27 91
5 98
12 37
7 68
4 89
9 2
29 66
25 54
26 71
26 33
30 56
26 41
25 69
20 52
28 54
26 2
1 96
2 70
29 85
15 50
3 74
19 33
29 11
12 85
7 6
1 89
19 68
16 8
10 6
9 7
11 59
14 54
3 63
29 85
6 11
24 23
6 88
8 74
30 46
11 31
9 27
4 63
21 100
25 82
30 30
28 63
6 100
13 93
17 90
22 13
16 62
21 35
10 43
8 50
1 69
15 90
4 51
20 41
14 74
15 54
16 13
15 94
6 83
12 79
21 14
27 23
9 26
18 27
7 20
19 7
18 9
29 35
27 52
7 9
24 100
15 32
17 82
14 29
9 63
6 88
12 49
27 55
11 71
22 46
23 9
7 30
27 52
15 28
8 95
17 32
13 1
2 11
21 39
13 46
25 49
19 81
5 46
18 75
21 67
8 10
11 25
28 44
3 59
14 83
4 10
11 100
22 28
28 92
19 52
2 71
21 25
11 100
27 37
23 90
29 99
5 30
6 42
22 2
6 48
10 5
26 49
8 20
23 17
28 46
16 4
8 71
11 18
6 50
30 49
7 8
20 90
13 21
4 67
16 35
9 10
10 75
6 95
13 90
15 61
24 83
23 2
11 43
3 75
23 76
5 32
21 69
1 76
2 4
30 67
6 60
26 28
4 37
8 32
22 89
11 12
5 7
29 23
28 35
22 41
24 20
11 97
4 97
2 81
7 18
7 41
30 74
3 14
25 46
4 40
24 88
6 4
8 20
27 95
27 75
17 68
6 11
19 87
29 40
7 10
12 18
23 85
28 21
6 57
19 95
22 99
14 52
23 80
24 32
26 29
7 12
2 4
22 64
13 32
1 61
10 11
7 42
15 72
11 45
11 80
21 29
2 24
13 84
25 54
13 76
18 73
8 31
