400
25 24
4 22
28 82
4 73
28 58
25 76
24 35
6 51
1 68
5 90
24 85
26 76
14 52
19 24
25 0
24 73
5 82
24 10
25 34
24 19
27 63
21 71
2 43
3 87
8 54
21 89
25 62
4 57
2 1
21 65
18 47
1 77
27 33
19 46
17 75
0 63
25 64
27 41
19 9
23 70
1 59
21 54
24 28
20 87
2 46
15 83
11 42
5 26
4 0
7 95
0 41
5 18
29 45
15 64
17 40
29 70
15 98
7 20
29 89
27 57
22 63
5 84
12 5
26 81
28 87
0 85
3 38
16 86
22 15
5 91
23 89
28 55
17 38
9 15
24 87
2 18
24 16
4 8
11 17
16 80
25 69
29 36
14 21
16 95
8 29
8 91
18 52
2 6
3 26
15 74
24 49
28 19
17 99
18 92
24 20
21 76
4 41
2 1
28 91
10 98
2 87
1 38
17 40
18 33
29 22
2 35
5 4
13 90
24 82
5 23
11 58
29 96
17 15
26 62
12 46
15 78
9 54
27 76
11 18
0 17
3 21
5 64
16 8
22 80
25 40
28 97
24 6
21 98
22 43
11 80
8 24
11 26
4 79
27 78
15 16
27 38
14 0
10 14
4 61
3 3
22 49
27 4
22 98
12 28
20 66
10 83
12 71
0 21
21 16
2 48
18 99
9 21
15 44
17 12
15 81
10 11
15 19
8 89
10 69
5 12
5 30
13 77
21 9
26 4
4 2
3 10
12 42
16 5
17 19
1 44
17 84
23 83
3 74
23 73
5 43
5 30
27 33
12 79
3 58
23 20
21 39
21 66
23 15
6 19
25 40
26 87
11 22
6 80
5 96
11 91
11 91
14 16
5 81
19 66
27 30
29 4
23 70
27 2
4 46
19 23
11 89
4 15
27 34
12 12
16 53
14 73
1 77
20 20
16 89
29 50
6 25
15 41
25 29
16 32
8 69
21 15
12 19
25 27
19 82
5 87
0 95
25 31
1 1
0 87
17 89
7 62
5 44
23 62
27 50
22 1
28 55
16 83
0 51
13 31
10 1
9 20
13 30
3 26
3 6
7 26
10 3
29 14
29 95
7 24
16 28
15 21
4 94
17 61
4 66
0 82
24 66
16 69
27 57
5 31
29 60
13 63
19 49
16 14
19 58
6 46
7 65
11 73
14 24
22 61
13 30
16 62
23 50
7 44
28 30
21 75
10 37
29 6
1 19
18 87
23 12
9 16
0 1
5 40
3 76
9 67
12 49
9 7
12 65
18 58
13 32
21 39
27 23
15 60
20 70
2 25
3 33
6 11
24 83
2 63
23 57
6 23
20 65
2 5
24 34
26 30
21 49
15 88
0 19
1 20
25 52
26 24
7 38
24 72
6 91
29 38
21 19
26 7
13 91
6 18
19 29
28 44
4 70
21 55
5 85
17 83
19 72
13 75
0 46
28 37
17 36
27 39
16 88
11 95
13 11
12 57
12 14
27 23
8 86
13 30
25 54
28 13
28 24
11 41
10 40
26 61
12 57
5 35
0 50
4 29
26 96
22 6
19 40
9 99
0 60
26 54
7 95
2 44
6 8
18 95
6 16
14 77
14 60
0 71
20 47
5 24
13 39
1 57
9 64
14 10
25 39
26 90
5 84
22 10
25 73
19 93
10 13
3 15
29 86
23 36
22 91
12 28
18 95
22 14
24 47
28 36
9 41
6 76
7 66
9 70
23 92
18 80
16 85
12 83
9 87
18 57
18 84
21 61
15 76
3 43
12 51
13 61
17 63
19 71
1 24
19 68
