400
1 41
22 34
3 25
8 9
21 57
21 20
25 47
10 90
18 61
10 56
4 30
7 10
28 25
22 79
1 83
4 63
27 72
8 55
26 51
10 27
27 6
22 80
11 81
12 3
19 49
30 91
2 14
28 88
26 29
24 21
24 37
20 39
13 32
24 59
18 60
16 93
2 84
26 69
22 93
3 57
20 30
15 22
29 3
4 84
14 27
5 47
15 87
10 74
4 29
19 4
6 21
26 6
24 20
4 72
20 45
16 56
29 31
14 72
25 37
13 17
5 59
7 77
2 51
29 67
12 86
18 19
4 69
30 14
5 50
26 3
30 16
17 24
25 38
25 80
8 2
12 89
8 62
22 8
26 19
6 42
13 47
8 66
29 36
27 7
10 15
10 83
26 19
7 76
17 52
23 83
21 54
27 64
14 88
29 30
22 49
8 66
11 84
11 15
13 9
25 8
22 82
23 5
22 47
20 61
5 39
24 3
8 17
15 11
30 41
22 15
30 63
8 89
5 11
11 21
10 27
1 46
2 21
9 65
5 85
23 68
2 19
25 19
29 40
30 91
27 20
25 73
11 37
29 84
4 67
24 21
6 83
5 6
30 19
14 73
3 46
26 78
6 14
13 2
5 76
16 85
17 1
19 82
25 70
26 87
18 69
3 81
18 25
6 10
12 7
4 99
16 26
10 19
11 24
9 44
18 17
7 46
17 37
16 6
4 92
2 93
6 3
20 66
25 63
2 75
13 9
4 25
26 100
25 25
19 16
12 74
19 96
2 100
27 46
9 89
4 53
5 52
27 59
23 34
10 92
12 94
29 84
26 37
12 66
21 10
23 30
5 64
25 54
1 9
29 72
14 91
2 82
10 30
26 58
11 13
18 75
19 4
21 28
23 46
25 2
1 25
20 90
13 7
17 55
28 45
5 16
17 1
20 76
25 89
13 97
12 86
11 62
30 82
27 81
2 82
27 33
22 64
21 46
22 16
30 37
14 29
29 46
1 53
3 11
9 58
15 97
28 30
3 35
26 47
11 41
4 49
13 87
14 47
13 35
23 36
16 74
30 27
29 97
17 92
1 71
7 17
7 95
10 76
23 61
22 97
15 3
1 27
3 9
13 76
3 87
3 66
4 79
25 84
15 22
24 33
19 76
22 62
17 47
18 3
19 11
25 61
9 96
6 57
23 63
10 99
16 47
27 62
27 59
12 51
15 71
18 75
18 84
12 72
24 76
27 41
13 25
22 3
30 91
24 27
7 44
22 55
28 92
2 19
1 64
26 33
9 56
11 36
7 98
14 72
13 32
26 12
14 65
8 27
14 25
10 61
25 30
4 14
12 34
7 75
10 52
19 82
7 70
28 49
21 75
27 41
4 85
11 62
1 69
14 8
10 46
25 65
8 34
17 100
17 61
15 15
17 86
5 23
2 65
20 74
26 44
8 98
21 69
8 80
28 51
26 83
27 7
3 23
2 77
29 11
26 48
5 53
16 74
18 92
25 47
30 29
6 31
19 69
8 37
9 88
30 35
4 35
9 69
7 86
16 30
20 85
18 73
6 14
17 13
11 36
14 74
16 100
30 42
30 54
14 67
4 20
4 63
23 47
12 14
14 79
26 79
22 25
10 53
7 49
4 47
30 27
18 100
13 75
10 97
15 74
3 25
28 68
24 99
2 22
3 97
8 55
9 68
10 79
9 21
7 88
24 63
14 38
4 43
19 6
29 43
28 53
13 71
21 7
28 86
25 33
29 80
19 62
22 70
10 18
5 70
4 8
5 70
22 97
12 8
12 2
27 32
25 21
