400
15 26
25 27
15 18
27 17
24 76
11 70
29 68
8 34
9 90
5 21
4 85
24 48
26 63
23 7
25 37
15 28
14 69
17 79
25 60
18 45
26 48
8 90
3 94
6 25
5 41
28 50
29 28
2 43
19 45
13 17
24 94
14 47
6 49
11 52
18 72
2 100
9 13
29 39
23 63
13 94
5 59
19 32
14 44
20 80
6 75
8 24
13 91
12 33
5 48
1 52
11 84
27 42
10 91
13 7
20 94
13 7
19 46
19 43
12 64
18 80
24 70
30 57
30 26
15 51
24 26
9 95
17 56
6 57
5 68
12 98
27 14
10 66
30 47
30 100
20 81
20 100
18 35
10 62
22 49
26 36
22 18
3 87
23 18
18 19
18 10
13 51
6 24
20 34
26 75
7 32
13 17
11 9
30 90
1 62
27 33
20 16
22 78
18 23
23 97
26 37
17 60
16 80
6 54
10 5
8 3
29 86
26 22
4 21
12 67
30 54
21 30
9 1
25 75
11 58
14 67
19 28
19 80
13 14
30 76
8 12
30 10
11 48
28 95
12 94
17 1
30 13
5 20
4 41
18 92
8 16
3 44
23 88
13 53
29 8
11 23
4 58
26 20
27 14
28 25
16 80
24 6
5 7
7 8
19 18
13 97
10 9
28 27
12 62
21 1
15 12
21 92
3 58
1 26
23 81
20 30
18 28
14 3
3 12
22 33
29 13
23 66
25 68
1 21
23 76
7 2
15 47
16 59
27 7
8 26
28 39
18 99
24 95
28 51
5 68
30 39
7 63
10 5
27 1
28 11
24 49
17 66
14 8
24 2
9 60
28 53
12 86
20 15
8 5
14 38
28 4
7 3
19 84
26 48
10 35
3 63
10 73
2 81
12 4
3 46
10 61
18 13
29 53
9 78
17 48
2 32
5 46
2 18
7 93
30 17
12 27
11 14
5 11
6 83
30 76
28 81
23 29
22 86
15 23
11 90
22 81
28 22
11 8
2 59
18 7
3 31
25 11
3 84
26 39
6 39
1 45
25 54
19 15
27 6
8 53
25 7
10 21
8 14
13 70
7 79
2 52
12 61
14 58
8 86
6 61
17 13
8 46
20 82
19 8
12 97
15 86
16 96
12 35
14 85
16 34
7 32
13 77
26 50
15 88
11 33
15 11
26 57
30 15
2 68
24 29
6 34
19 18
24 24
28 90
15 8
11 23
21 63
22 83
3 36
18 99
19 23
1 65
9 16
13 21
11 100
23 98
6 66
29 14
25 19
28 49
1 82
14 69
23 74
29 8
26 25
29 29
3 14
11 30
22 23
12 16
13 2
17 7
22 80
9 8
26 26
9 28
28 78
1 3
12 3
29 60
30 67
12 78
19 84
26 12
7 60
11 79
25 92
21 79
26 56
24 21
19 93
1 92
16 48
20 73
14 59
25 29
16 23
6 56
20 64
13 11
30 98
29 35
3 26
24 12
2 51
3 19
10 80
28 65
18 8
6 77
27 21
14 43
20 62
7 1
12 69
19 51
25 53
10 59
20 50
10 63
11 2
3 42
7 43
22 12
1 44
16 19
11 97
1 59
10 11
1 87
10 23
7 49
20 26
15 56
19 81
22 74
6 51
3 67
8 74
19 46
5 18
27 84
25 25
7 77
25 6
30 18
18 4
30 6
21 29
30 4
8 31
22 91
29 45
30 26
2 87
6 90
5 88
4 22
28 71
8 51
10 13
18 7
4 89
18 97
23 77
17 27
29 30
26 40
8 78
26 47
26 41
28 71
25 60
21 91
3 94
28 58
